0
0
0
0
0
0
0
0
0
0
0
0
0
0
0
0
0
0
0
0
0
0
0
0
0
0
0
0
0
0
0
0
0
0
0
0
0
2
37
376
856
2467
5873
12783
25018
43272
67935
94168
116858
130913
26583
26338
26107
26055
25332
24879
23936
23203
22574
21898
20714
19930
18865
17658
16600
15801
14422
13390
12463
11430
10603
9555
8739
7859
7111
6296
5371
4964
4379
3884
2137
1922
1855
1650
1537
1425
1159
1188
1002
895
894
746
708
618
552
488
462
370
341
334
275
228
201
196
27
39
35
35
29
39
30
34
28
29
29
14
24
20
25
25
26
23
20
16
23
26
23
23
16
17
22
14
9
15
14
8
12
16
11
21
17
10
3
4
4
2
3
3
2
0
2
3
4
4
1
2
2
5
3
5
3
421
1.0
fluxes