1.9640E+07
1.6905E+07
1.6487E+07
1.5683E+07
1.4918E+07
1.4550E+07
1.4191E+07
1.3840E+07
1.3499E+07
1.2840E+07
1.2523E+07
1.2214E+07
1.1618E+07
1.1052E+07
1.0513E+07
1.0000E+07
9.5123E+06
9.0484E+06
8.6071E+06
8.1873E+06
7.7880E+06
7.4082E+06
7.0469E+06
6.7032E+06
6.5924E+06
6.3763E+06
6.0653E+06
5.7695E+06
5.4881E+06
5.2205E+06
4.9659E+06
4.7237E+06
4.4933E+06
4.0657E+06
3.6788E+06
3.3287E+06
3.1664E+06
3.0119E+06
2.8651E+06
2.7253E+06
2.5924E+06
2.4660E+06
2.3852E+06
2.3653E+06
2.3457E+06
2.3069E+06
2.2313E+06
2.1225E+06
2.0190E+06
1.9205E+06
1.8268E+06
1.7377E+06
1.6530E+06
1.5724E+06
1.4957E+06
1.4227E+06
1.3534E+06
1.2874E+06
1.2246E+06
1.1648E+06
1.1080E+06
1.0026E+06
9.6164E+05
9.0718E+05
8.6294E+05
8.2085E+05
7.8082E+05
7.4274E+05
7.0651E+05
6.7206E+05
6.3928E+05
6.0810E+05
5.7844E+05
5.5023E+05
5.2340E+05
4.9787E+05
4.5049E+05
4.0762E+05
3.8774E+05
3.6883E+05
3.3373E+05
3.0197E+05
2.9849E+05
2.9721E+05
2.9452E+05
2.8725E+05
2.7324E+05
2.4724E+05
2.3518E+05
2.2371E+05
2.1280E+05
2.0242E+05
1.9255E+05
1.8316E+05
1.7422E+05
1.6573E+05
1.5764E+05
1.4996E+05
1.4264E+05
1.3569E+05
1.2907E+05
1.2277E+05
1.1679E+05
1.1109E+05
9.8037E+04
8.6517E+04
8.2503E+04
7.9499E+04
7.1998E+04
6.7379E+04
5.6562E+04
5.2475E+04
4.6309E+04
4.0868E+04
3.4307E+04
3.1828E+04
2.8501E+04
2.7000E+04
2.6058E+04
2.4788E+04
2.4176E+04
2.3579E+04
2.1875E+04
1.9305E+04
1.5034E+04
1.1709E+04
1.0595E+04
9.1188E+03
7.1017E+03
5.5308E+03
4.3074E+03
3.7074E+03
3.3546E+03
3.0354E+03
2.7465E+03
2.6126E+03
2.4852E+03
2.2487E+03
2.0347E+03
1.5846E+03
1.2341E+03
9.6112E+02
7.4852E+02
5.8295E+02
4.5400E+02
3.5357E+02
2.7536E+02
2.1445E+02
1.6702E+02
1.3007E+02
1.0130E+02
7.8893E+01
6.1442E+01
4.7851E+01
3.7266E+01
2.9023E+01
2.2603E+01
1.7604E+01
1.3710E+01
1.0677E+01
8.3153E+00
6.4760E+00
5.0435E+00
3.9279E+00
3.0590E+00
2.3824E+00
1.8554E+00
1.4450E+00
1.3000E+00
1.1253E+00
1.0800E+00
1.0400E+00
1.0000E+00
8.7643E-01
8.0000E-01
6.8256E-01
6.2506E-01
5.3158E-01
5.0000E-01
4.1399E-01
3.6680E-01
3.2500E-01
2.7500E-01
2.2500E-01
1.8400E-01
1.5000E-01
1.2500E-01
1.0000E-01
7.0000E-02
5.0000E-02
4.0000E-02
3.0000E-02
2.1000E-02
1.4500E-02
1.0000E-02
5.0000E-03
2.0000E-03
5.0000E-04
1.0000E-05

5.2270E+05
8.4973E+05
2.6060E+06
3.7912E+06
2.5786E+06
3.2062E+06
3.8301E+06
4.5320E+06
1.1579E+07
7.8657E+06
8.4639E+06
1.8960E+07
2.3888E+07
3.8616E+07
4.6645E+07
6.0123E+07
7.9714E+07
8.9624E+07
9.7659E+07
1.2212E+08
1.3854E+08
1.4772E+08
1.9150E+08
7.1525E+07
1.5916E+08
2.6906E+08
2.6531E+08
2.6108E+08
3.1726E+08
2.9380E+08
3.3172E+08
3.3690E+08
6.5776E+08
5.9029E+08
5.8342E+08
3.2370E+08
4.1325E+08
4.7575E+08
5.1023E+08
5.7865E+08
5.5425E+08
4.3215E+08
1.3301E+08
1.4972E+08
2.4619E+08
5.0687E+08
7.0574E+08
6.7195E+08
6.4797E+08
6.4676E+08
7.9307E+08
8.4859E+08
7.9877E+08
8.3659E+08
8.1227E+08
8.5848E+08
8.7524E+08
8.0512E+08
1.1792E+09
1.0979E+09
1.7999E+09
7.1352E+08
1.3142E+09
9.4387E+08
1.0293E+09
9.2291E+08
9.4917E+08
1.3023E+09
1.5031E+09
1.9705E+09
2.1075E+09
1.5164E+09
1.2960E+09
1.2024E+09
1.0768E+09
2.3110E+09
1.5393E+09
6.8554E+08
1.5960E+09
3.1042E+09
3.2120E+09
4.1640E+08
1.3721E+08
2.2008E+08
3.5170E+08
6.8209E+08
1.7125E+09
9.8556E+08
5.6725E+08
9.0060E+08
5.8248E+08
3.5171E+08
8.0068E+08
1.0852E+09
8.1873E+08
7.9751E+08
4.7303E+08
2.5044E+08
1.0173E+09
5.6091E+08
9.2074E+08
6.0288E+08
5.6110E+08
9.6292E+08
7.0731E+08
1.9453E+08
8.6644E+08
6.9535E+08
8.5426E+08
1.2436E+09
3.7906E+08
8.6848E+08
6.2491E+08
6.4977E+08
2.1591E+08
1.0694E+08
3.2072E+07
1.8620E+08
1.1986E+09
5.6614E+08
2.9875E+08
6.6666E+08
6.4902E+08
9.4779E+08
9.0186E+08
3.4295E+08
3.8406E+08
3.9541E+08
1.0588E+09
1.0828E+09
5.8562E+08
4.2320E+08
3.9631E+08
3.5028E+08
1.5342E+08
1.2589E+08
1.8237E+08
2.7502E+08
9.1558E+08
9.2611E+08
7.5626E+08
7.5180E+08
7.4561E+08
7.2071E+08
4.3287E+08
6.5885E+08
7.0503E+08
7.2083E+08
7.2651E+08
7.2766E+08
7.2648E+08
7.2324E+08
7.1795E+08
7.1038E+08
7.0031E+08
6.8778E+08
6.7229E+08
6.5425E+08
6.3332E+08
6.0930E+08
5.8260E+08
5.5331E+08
5.3290E+08
5.0092E+08
4.6772E+08
4.3398E+08
4.0148E+08
1.6241E+08
2.1157E+08
5.6752E+07
5.1934E+07
5.4539E+07
1.6986E+08
1.0173E+08
1.6363E+08
9.4290E+07
1.6770E+08
6.6738E+07
2.1238E+08
1.6442E+08
1.8768E+08
3.0052E+08
4.1873E+08
4.5784E+08
4.6786E+08
3.9291E+08
4.2284E+08
5.4116E+08
3.4776E+08
1.6198E+08
1.2412E+08
7.7536E+07
3.4892E+07
1.4097E+07
7.5375E+06
1.4969E+06
1.9201E+05
1.1195E+04
1.00
PWR 1/4 rpv 1.1234E+11
