  0.0000E+00  0.0000E+00  0.0000E+00  0.0000E+00  0.0000E+00  0.0000E+00
  0.0000E+00  0.0000E+00  0.0000E+00  0.0000E+00  0.0000E+00  0.0000E+00
  0.0000E+00  0.0000E+00  0.0000E+00  0.0000E+00  0.0000E+00  0.0000E+00
  0.0000E+00  0.0000E+00  0.0000E+00  0.0000E+00  0.0000E+00  0.0000E+00
  0.0000E+00  0.0000E+00  0.0000E+00  0.0000E+00  0.0000E+00  0.0000E+00
  0.0000E+00  0.0000E+00  0.0000E+00  0.0000E+00  0.0000E+00  0.0000E+00
  0.0000E+00  0.0000E+00  0.0000E+00  0.0000E+00  0.0000E+00  0.0000E+00
  0.0000E+00  0.0000E+00  0.0000E+00  0.0000E+00  0.0000E+00  0.0000E+00
  0.0000E+00  0.0000E+00  0.0000E+00  0.0000E+00  0.0000E+00  0.0000E+00
  0.0000E+00  0.0000E+00  0.0000E+00  0.0000E+00  0.0000E+00  0.0000E+00
  7.1063E+03  3.5750E+04  3.6121E+04  3.6499E+04  3.6885E+04  3.7280E+04
  3.7683E+04  3.8095E+04  3.8516E+04  3.8946E+04  3.9386E+04  3.9836E+04
  4.0297E+04  4.0768E+04  2.3099E+05  4.0646E+05  5.0761E+05  6.3958E+05
  6.4753E+05  6.5567E+05  7.8971E+05  9.7822E+05  9.9100E+05  1.0041E+06
  1.2354E+06  1.4046E+06  1.6841E+06  1.7949E+06  2.1536E+06  2.2836E+06
  2.6521E+06  3.0571E+06  3.4790E+06  3.5321E+06  3.8468E+06  4.9552E+06
  5.2726E+06  5.5547E+06  6.2645E+06  6.3698E+06  6.6326E+06  8.3184E+06
  8.4656E+06  1.0005E+07  1.4172E+07  1.4437E+07  1.6441E+07  1.8105E+07
  1.8464E+07  5.5376E+07  7.1876E+07  8.0982E+07  8.8040E+07  1.0475E+08
  1.2112E+08  1.3171E+08  1.5218E+08  1.8304E+08  2.2522E+08  2.4730E+08
  2.4414E+08  2.4045E+08  2.9077E+08  2.7309E+08  2.9853E+08  3.0891E+08
  3.0564E+08  3.0290E+08  2.8872E+08  2.7184E+08  2.7093E+08  2.6866E+08
  2.7202E+08  3.0054E+08  3.8043E+08  4.3510E+08  4.6524E+08  5.1850E+08
  5.1767E+08  5.6264E+08  7.0894E+08  6.7898E+08  6.3948E+08  6.1324E+08
  5.9640E+08  6.0686E+08  7.3039E+08  7.8198E+08  7.3985E+08  7.6446E+08
  7.5344E+08  7.7650E+08  7.9998E+08  7.7473E+08  8.7861E+08  1.0617E+09
  9.7002E+08  8.2921E+08  8.2689E+08  8.2547E+08  1.0381E+09  8.8887E+08
  9.3215E+08  8.7816E+08  8.6525E+08  1.0503E+09  1.2838E+09  1.5440E+09
  1.8506E+09  1.8327E+09  1.3736E+09  1.1914E+09  1.1077E+09  9.9840E+08
  1.0538E+09  1.0642E+09  8.2107E+08  7.0887E+08  6.6915E+08  9.8951E+08
  1.4562E+09  1.4295E+09  1.4379E+09  1.4791E+09  1.4791E+09  1.0717E+09
  6.2992E+08  7.6097E+08  7.8871E+08  8.6668E+08  6.8805E+08  6.7115E+08
  7.1269E+08  4.6999E+08  4.1794E+08  7.7448E+08  9.8529E+08  7.5470E+08
  7.3449E+08  4.7089E+08  2.7185E+08  7.3420E+08  6.7346E+08  6.9554E+08
  7.1488E+08  5.4133E+08  4.7055E+08  3.5476E+08  3.5477E+08  3.0112E+08
  2.6057E+08  2.6057E+08  1.9901E+08  9.0557E+08  3.2311E+08  3.2311E+08
  5.5712E+08  4.7992E+08  3.2726E+08  3.2726E+08  3.2726E+08  2.6807E+08
  2.3275E+08  3.1975E+08  3.1996E+08  2.9455E+08  2.3025E+08  2.3024E+08
  1.9652E+08  1.7099E+08  1.7099E+08  1.7099E+08  1.4144E+08  1.2021E+08
  4.4606E+07  4.4605E+07  3.1747E+07  1.4898E+08  9.2953E+08  9.7732E+08
  4.6196E+08  4.0928E+08  2.3959E+08  2.3915E+08  2.2083E+08  1.7455E+08
  1.7455E+08  1.7455E+08  1.7456E+08  1.7455E+08  1.6738E+08  1.6616E+08
  1.6616E+08  1.6616E+08  1.6616E+08  1.6267E+08  1.5797E+08  1.4774E+08
  1.1788E+08  1.1788E+08  1.1788E+08  7.2976E+07  7.2836E+07  7.2836E+07
  7.2836E+07  7.2836E+07  1.4226E+08  1.9504E+08  1.9504E+08  1.9504E+08
  1.9504E+08  1.9565E+08  1.9946E+08  1.9946E+08  1.9946E+08  1.9946E+08
  1.9946E+08  1.8548E+08  1.7979E+08  1.7979E+08  1.8664E+08  1.9489E+08
  1.9141E+08  1.8253E+08  1.8017E+08  1.6128E+08  1.6128E+08  1.4257E+08
  1.1968E+08  9.1401E+07  8.3984E+07  1.0944E+08  1.2665E+08  1.4450E+08
  1.6864E+08  1.6865E+08  1.6864E+08  1.6865E+08  1.6865E+08  1.7059E+08
  1.7060E+08  1.7060E+08  1.7060E+08  1.7060E+08  1.5284E+08  1.3931E+08
  1.3931E+08  1.3931E+08  1.3931E+08  1.3919E+08  1.3849E+08  1.3849E+08
  1.3849E+08  1.3849E+08  1.3849E+08  1.3768E+08  1.3735E+08  1.3735E+08
  1.3735E+08  1.3735E+08  1.3606E+08  1.3276E+08  1.3276E+08  1.3276E+08
  1.3276E+08  1.3276E+08  8.7538E+07  7.9732E+07  7.9732E+07  7.9733E+07
  7.9732E+07  9.7374E+07  1.2136E+08  1.2136E+08  1.2136E+08  1.2136E+08
  1.2136E+08  1.2983E+08  1.2987E+08  1.2987E+08  1.2987E+08  1.2987E+08
  1.3153E+08  1.3280E+08  1.3280E+08  1.3280E+08  1.3280E+08  1.3294E+08
  1.3381E+08  1.3381E+08  1.3381E+08  1.3381E+08  1.3381E+08  1.3398E+08
  1.3405E+08  1.3405E+08  1.3405E+08  1.3405E+08  1.3399E+08  1.3383E+08
  1.3383E+08  1.3383E+08  1.3383E+08  1.3383E+08  1.3332E+08  1.3323E+08
  1.3323E+08  1.3323E+08  1.3323E+08  1.3281E+08  1.3225E+08  1.3225E+08
  1.3225E+08  1.3225E+08  1.3225E+08  1.3086E+08  1.3085E+08  1.3085E+08
  1.3085E+08  1.3085E+08  1.2981E+08  1.2901E+08  1.2901E+08  1.2901E+08
  1.2901E+08  1.2869E+08  1.2669E+08  1.2669E+08  1.2669E+08  1.2669E+08
  1.2669E+08  1.2469E+08  1.2386E+08  1.2386E+08  1.2386E+08  1.2386E+08
  1.2292E+08  1.2052E+08  1.2052E+08  1.2052E+08  1.2052E+08  1.2052E+08
  1.1722E+08  1.1665E+08  1.1665E+08  1.1664E+08  1.1665E+08  1.1478E+08
  1.1224E+08  1.1224E+08  1.1224E+08  1.1224E+08  1.1224E+08  1.0735E+08
  1.0732E+08  1.0732E+08  1.0732E+08  1.0732E+08  1.0427E+08  1.0192E+08
  1.0192E+08  1.0192E+08  1.0192E+08  1.0141E+08  9.8165E+07  9.8166E+07
  9.8166E+07  9.8165E+07  9.8166E+07  9.3989E+07  9.2266E+07  9.2267E+07
  9.2267E+07  9.2266E+07  9.0564E+07  8.6164E+07  8.6164E+07  8.6164E+07
  8.6165E+07  8.6164E+07  8.0868E+07  7.9939E+07  7.9940E+07  7.9940E+07
  7.9939E+07  7.7416E+07  7.3958E+07  7.3958E+07  7.3958E+07  7.3958E+07
  7.3957E+07  7.0751E+07  7.0729E+07  6.8488E+07  6.7513E+07  6.7512E+07
  6.5313E+07  6.3448E+07  6.3940E+07  5.9306E+07  5.9306E+07  5.8224E+07
  5.1343E+07  5.0744E+07  4.7464E+07  4.7464E+07  4.7464E+07  4.8792E+07
  4.9342E+07  4.8014E+07  4.7674E+07  4.7674E+07  4.8372E+07  5.0182E+07
  5.1728E+07  5.1813E+07  5.1813E+07  5.1812E+07  6.0946E+07  6.2564E+07
  6.4528E+07  7.1434E+07  7.1435E+07  7.8214E+07  8.2844E+07  8.2844E+07
  8.2844E+07  9.5652E+07  9.6094E+07  9.6093E+07  9.6094E+07  1.0140E+08
  1.0481E+08  1.0481E+08  1.0481E+08  1.0497E+08  1.0546E+08  1.0546E+08
  1.0546E+08  1.0546E+08  1.0046E+08  9.9244E+07  9.9242E+07  9.9244E+07
  8.9115E+07  8.7263E+07  8.7265E+07  8.7263E+07  8.7265E+07  6.9871E+07
  6.9871E+07  6.9871E+07  6.9871E+07  6.9871E+07  6.9871E+07  6.9871E+07
  6.4193E+07  4.7597E+07  4.7597E+07  4.7597E+07  4.7597E+07  4.7596E+07
  4.7597E+07  4.7597E+07  3.4158E+07  3.3429E+07  3.3429E+07  3.3429E+07
  3.2032E+07  1.9869E+07  1.9869E+07  1.9869E+07  1.9869E+07  1.9869E+07
  1.9869E+07  1.1430E+07  1.0011E+07  1.0011E+07  1.0011E+07  1.0011E+07
  1.0011E+07  1.0011E+07  9.3816E+06  4.3384E+06  4.3384E+06  4.3384E+06
  4.3384E+06  4.3384E+06  4.3384E+06  4.3384E+06  4.1612E+06  1.7472E+06
  1.7472E+06  1.7472E+06  1.7472E+06  1.7472E+06  1.7472E+06  1.7472E+06
  1.7472E+06  5.0078E+05  5.0078E+05  5.0078E+05  5.0078E+05  5.0078E+05
  5.0078E+05  5.0078E+05  5.0078E+05  5.0078E+05  5.0078E+05  5.0078E+05
  5.0078E+05  5.0078E+05  5.0078E+05  5.0078E+05  9.7147E+04  7.5232E+04
  7.5233E+04  7.5232E+04  7.5232E+04  7.5233E+04  7.5232E+04  7.5232E+04
  7.5233E+04  7.5232E+04  7.5233E+04  7.5232E+04  7.5233E+04  7.5233E+04
  7.5233E+04  7.5232E+04  7.5232E+04  7.5232E+04  7.5233E+04  7.1686E+04
  6.3784E+03  6.3784E+03  6.3784E+03  6.3784E+03  6.3785E+03  6.3784E+03
  6.3784E+03  6.3785E+03  6.3784E+03  6.3785E+03  6.3784E+03  6.3783E+03
  6.3785E+03  6.3783E+03  6.3785E+03  6.3784E+03  6.3784E+03  6.3784E+03
  6.3784E+03  6.3784E+03  6.3784E+03  6.3784E+03  6.3784E+03  6.3785E+03
  6.3784E+03  6.3784E+03  6.3784E+03  6.3784E+03  6.3784E+03  6.3784E+03
  4.5348E+02  1.3179E+02  1.3179E+02  1.3179E+02  1.3179E+02  1.3179E+02
  1.3179E+02  1.3179E+02  1.3179E+02  1.3179E+02  1.3179E+02  1.3179E+02
  1.3179E+02  1.3179E+02  1.3179E+02  1.3179E+02  1.3179E+02  1.3179E+02
  1.3179E+02  1.3179E+02  1.3178E+02  1.3179E+02  1.3179E+02  1.3179E+02
  1.3179E+02  1.3179E+02  1.3178E+02  1.3179E+02  1.3178E+02  1.3179E+02
  1.3179E+02  1.3178E+02  1.3179E+02  1.3178E+02  1.3179E+02  1.3179E+02
  1.3179E+02  1.3179E+02  1.3179E+02  1.3179E+02  1.3179E+02  1.3179E+02
  1.3179E+02  1.3179E+02  1.3179E+02  1.3179E+02  1.3179E+02  1.3179E+02
  1.3179E+02  1.3179E+02  1.3179E+02  1.3179E+02  1.3179E+02  1.3179E+02
  1.3179E+02  1.3179E+02  1.3179E+02  1.3179E+02  1.3179E+02  1.3178E+02
  1.3179E+02  1.3179E+02  1.3179E+02  1.3179E+02  1.3179E+02  1.3179E+02
  1.3179E+02  1.3179E+02  1.3179E+02  1.3179E+02  1.3178E+02  1.3179E+02
  1.3179E+02  1.3179E+02  1.3179E+02  1.3179E+02  1.3178E+02  1.3179E+02
  1.3178E+02  1.3179E+02  1.3179E+02  1.3178E+02  1.3179E+02  1.3178E+02
  1.3179E+02
 1.000
PWR 1/4 rpv 1.1234E+11                                                                              
