  0.0000E+00  0.0000E+00  0.0000E+00  0.0000E+00  0.0000E+00  0.0000E+00
  0.0000E+00  0.0000E+00  0.0000E+00  0.0000E+00  0.0000E+00  0.0000E+00
  0.0000E+00  0.0000E+00  0.0000E+00  0.0000E+00  0.0000E+00  0.0000E+00
  0.0000E+00  0.0000E+00  0.0000E+00  0.0000E+00  0.0000E+00  0.0000E+00
  0.0000E+00  0.0000E+00  0.0000E+00  0.0000E+00  0.0000E+00  0.0000E+00
  0.0000E+00  0.0000E+00  0.0000E+00  0.0000E+00  0.0000E+00  0.0000E+00
  0.0000E+00  0.0000E+00  0.0000E+00  0.0000E+00  0.0000E+00  0.0000E+00
  0.0000E+00  0.0000E+00  0.0000E+00  0.0000E+00  0.0000E+00  0.0000E+00
  0.0000E+00  0.0000E+00  0.0000E+00  0.0000E+00  0.0000E+00  0.0000E+00
  0.0000E+00  0.0000E+00  0.0000E+00  0.0000E+00  0.0000E+00  0.0000E+00
  0.0000E+00  0.0000E+00  0.0000E+00  0.0000E+00  0.0000E+00  0.0000E+00
  0.0000E+00  0.0000E+00  0.0000E+00  0.0000E+00  0.0000E+00  0.0000E+00
  0.0000E+00  0.0000E+00  0.0000E+00  0.0000E+00  1.3597E+03  2.7194E+03
  2.8758E+05  7.6260E+06  1.4565E+08  1.9651E+09  1.8759E+10  1.2683E+11
  6.0801E+11  2.0689E+12  5.0025E+12  8.6049E+12  1.0553E+13  9.2673E+12
  5.8985E+12  2.8160E+12  1.1122E+12  4.4596E+11  2.1659E+11  1.2875E+11
  9.5171E+10  8.5857E+10  8.1463E+10  7.4252E+10  6.4951E+10  5.8679E+10
  5.9530E+10  6.4374E+10  6.6719E+10  6.6026E+10  6.8879E+10  7.5429E+10
  8.2175E+10  2.0293E+11  2.1901E+11  2.2460E+11  2.1188E+11  2.0879E+11
  2.1521E+11  2.2486E+11  2.3541E+11  2.4942E+11  2.6392E+11  2.7873E+11
  2.9150E+11  3.0440E+11  3.1531E+11  3.2680E+11  3.3907E+11  3.5412E+11
  3.6586E+11  3.8503E+11  4.1024E+11  4.3114E+11  4.5536E+11  4.8178E+11
  5.1590E+11  5.5456E+11  5.9703E+11  6.4296E+11  6.8484E+11  7.4334E+11
  7.8395E+11  8.3946E+11  9.0144E+11  9.3322E+11  9.8191E+11  1.0279E+12
  1.0513E+12  1.1132E+12  1.2255E+12  1.2839E+12  1.3101E+12  1.3953E+12
  1.4622E+12  1.5225E+12  1.6664E+12  1.7298E+12  1.8722E+12  2.0135E+12
  2.0164E+12  2.0386E+12  2.0645E+12  2.1253E+12  2.2183E+12  2.2309E+12
  2.3639E+12  2.4917E+12  2.5340E+12  2.5870E+12  2.7669E+12  2.6622E+12
  2.7048E+12  2.6698E+12  2.5803E+12  2.4200E+12  2.3955E+12  2.3808E+12
  2.3425E+12  2.3388E+12  2.2610E+12  2.1138E+12  2.1589E+12  2.2237E+12
  2.3621E+12  2.2759E+12  2.1456E+12  1.8449E+12  2.2519E+12  1.9442E+12
  1.5848E+12  1.9124E+12  1.7211E+12  1.5971E+12  1.6176E+12  1.5091E+12
  1.5842E+12  1.4841E+12  1.3446E+12  1.5127E+12  1.6818E+12  1.3524E+12
  1.3875E+12  1.3251E+12  1.1572E+12  1.0667E+12  1.7219E+12  1.3179E+12
  1.2040E+12  1.1314E+12  1.0316E+12  9.7948E+11  9.5152E+11  8.8665E+11
  1.0568E+12  1.0390E+12  8.1255E+11  1.2113E+12  1.0043E+12  7.7841E+11
  9.7055E+11  8.4087E+11  7.4071E+11  8.3507E+11  8.2243E+11  7.4860E+11
  6.7190E+11  5.9064E+11  7.3655E+11  8.0728E+11  7.3385E+11  6.6698E+11
  6.3316E+11  6.2141E+11  5.8681E+11  5.6632E+11  5.8102E+11  5.4395E+11
  4.9529E+11  4.0586E+11  2.9860E+11  5.6967E+11  1.0252E+12  8.5905E+11
  6.3550E+11  5.7353E+11  5.1378E+11  4.9208E+11  5.0038E+11  4.7965E+11
  4.4968E+11  4.2632E+11  3.8209E+11  3.3775E+11  4.3525E+11  5.3977E+11
  4.9380E+11  4.5079E+11  4.4626E+11  4.7735E+11  4.9206E+11  4.8129E+11
  4.5729E+11  4.3305E+11  3.9400E+11  3.4086E+11  3.2301E+11  2.9861E+11
  2.9810E+11  3.4407E+11  3.8205E+11  4.3053E+11  4.2738E+11  4.0605E+11
  4.1757E+11  3.5878E+11  3.8364E+11  3.8741E+11  3.7765E+11  3.6904E+11
  3.5119E+11  3.5769E+11  3.3821E+11  3.4820E+11  3.9910E+11  3.7393E+11
  3.9075E+11  3.6422E+11  3.0836E+11  4.4015E+11  3.3893E+11  3.0836E+11
  3.1729E+11  2.6407E+11  2.5881E+11  2.5473E+11  2.9276E+11  3.3557E+11
  3.9917E+11  3.7490E+11  3.6097E+11  3.6550E+11  3.2435E+11  2.7035E+11
  3.5754E+11  2.7058E+11  3.6352E+11  2.6712E+11  3.2754E+11  2.6634E+11
  1.9796E+11  2.5730E+11  2.6833E+11  2.0843E+11  4.0488E+11  3.1133E+11
  2.7372E+11  2.0496E+11  2.9730E+11  2.1153E+11  2.9424E+11  2.1318E+11
  3.1294E+11  2.7182E+11  2.4269E+11  2.5994E+11  2.6344E+11  2.6207E+11
  2.1921E+11  2.9317E+11  2.6351E+11  2.2045E+11  2.3831E+11  2.1316E+11
  1.8814E+11  1.2324E+11  7.4569E+10  1.1814E+11  2.1864E+11  2.5760E+11
  2.2578E+11  2.6477E+11  2.0921E+11  1.8713E+11  2.5732E+11  1.6886E+11
  2.6607E+11  2.0921E+11  1.7826E+11  9.5946E+10  2.5767E+11  1.9742E+11
  2.0490E+11  1.6477E+11  2.0700E+11  1.9863E+11  1.7240E+11  1.8183E+11
  2.0635E+11  1.5519E+11  1.8756E+11  2.0800E+11  1.3406E+11  2.1252E+11
  2.1354E+11  2.2412E+11  2.2954E+11  2.3255E+11  2.3426E+11  2.3500E+11
  2.3161E+11  2.2906E+11  1.7889E+11  2.0372E+11  2.1043E+11  2.1179E+11
  2.0655E+11  1.9131E+11  1.3885E+11  7.0452E+10  1.0620E+11  1.3342E+11
  1.1890E+11  1.3752E+11  1.5309E+11  1.6146E+11  1.6458E+11  1.6367E+11
  1.5914E+11  1.4976E+11  1.2368E+11  6.3173E+10  1.0887E+11  1.1572E+11
  1.1432E+11  1.0305E+11  4.0688E+10  5.0478E+10  2.4375E+10  4.0065E+09
  6.2488E+10  1.0993E+11  1.1520E+11  1.1433E+11  1.1279E+11  1.1125E+11
  1.1001E+11  1.0916E+11  1.0824E+11  1.0809E+11  1.0869E+11  1.0911E+11
  1.1089E+11  1.1081E+11  1.0741E+11  1.0614E+11  1.0130E+11  8.8576E+10
  4.9899E+10  6.1411E+10  7.8348E+10  8.7322E+10  9.2552E+10  9.4962E+10
  9.5256E+10  9.3723E+10  9.0465E+10  8.5300E+10  7.8308E+10  6.9694E+10
  5.8451E+10  2.5058E+10  1.9636E+10  4.9603E+10  5.5883E+10  5.9906E+10
  6.3556E+10  6.6815E+10  6.9576E+10  7.1832E+10  7.3578E+10  7.4887E+10
  7.5803E+10  7.6425E+10  7.6752E+10  7.6918E+10  7.6835E+10  7.6692E+10
  7.6389E+10  7.5971E+10  7.5523E+10  7.4920E+10  7.4322E+10  7.3667E+10
  7.2959E+10  7.2172E+10  7.1409E+10  7.0627E+10  6.9753E+10  6.8940E+10
  6.8080E+10  6.7204E+10  6.6322E+10  6.5432E+10  6.4531E+10  6.3609E+10
  6.2719E+10  6.1819E+10  6.0908E+10  5.9975E+10  5.9054E+10  5.8159E+10
  5.7219E+10  5.6329E+10  5.5468E+10  5.4586E+10  5.3679E+10  5.2812E+10
  5.1942E+10  5.1086E+10  5.0268E+10  4.9418E+10  4.8583E+10  4.7760E+10
  4.6962E+10  4.6187E+10  4.5401E+10  4.4620E+10  4.3901E+10  4.3163E+10
  4.2468E+10  4.1787E+10  4.1103E+10  4.0470E+10  3.9871E+10  3.9267E+10
  3.8704E+10  3.8179E+10  3.7672E+10  3.7224E+10  3.6777E+10  3.6346E+10
  3.5982E+10  3.5584E+10  3.5233E+10  3.4897E+10  3.4571E+10  3.4218E+10
  3.3886E+10  3.3546E+10  3.3176E+10  3.2785E+10  3.2392E+10  3.1970E+10
  3.1494E+10  3.0968E+10  3.0421E+10  2.9846E+10  2.9221E+10  2.8544E+10
  2.7863E+10  2.7117E+10  2.6345E+10  2.5549E+10  2.4720E+10  2.3871E+10
  2.3003E+10  2.2121E+10  2.1232E+10  2.0345E+10  1.9441E+10  1.8544E+10
  1.7648E+10  1.6789E+10  1.5927E+10  1.5090E+10  1.4253E+10  1.3464E+10
  1.2674E+10  1.1930E+10  1.1206E+10  1.0516E+10  9.8416E+09  9.2057E+09
  8.6071E+09  8.0263E+09  7.4809E+09  6.9581E+09  6.4687E+09  6.0058E+09
  5.5663E+09  5.1631E+09  4.7809E+09  4.4162E+09  4.0852E+09  3.7677E+09
  3.4770E+09  3.2076E+09  2.9512E+09  2.7148E+09  2.4963E+09  2.2955E+09
  2.1078E+09  1.9354E+09  1.7743E+09  1.6247E+09  1.4862E+09  1.3655E+09
  1.2494E+09  1.1443E+09  1.0401E+09  9.5390E+08  8.7140E+08  7.9566E+08
  7.2719E+08  6.6158E+08  6.0479E+08  5.5152E+08  5.0339E+08  4.5644E+08
  4.1598E+08  3.7982E+08  3.4514E+08  3.1499E+08  2.8570E+08  2.6031E+08
  2.3501E+08  2.1469E+08  1.9485E+08  1.7633E+08  1.6151E+08  1.4701E+08
  1.3247E+08  1.2100E+08  1.0929E+08  9.9386E+07  8.9314E+07  8.1958E+07
  7.4196E+07  6.7512E+07  6.0203E+07  5.5547E+07  4.9795E+07  4.5234E+07
  4.1486E+07  3.7123E+07  3.3484E+07  3.0444E+07  2.7299E+07  2.4658E+07
  2.2826E+07  2.0608E+07  1.8584E+07  1.6602E+07  1.5244E+07  1.3730E+07
  1.2505E+07  1.1275E+07  1.0108E+07  9.1194E+06  8.1008E+06  7.5527E+06
  6.6831E+06  6.1556E+06  5.5475E+06  5.0048E+06  4.5871E+06  4.0743E+06
  3.7735E+06  3.3592E+06  3.0315E+06  2.8339E+06  2.4460E+06  2.2005E+06
  1.9592E+06  1.7594E+06  1.6302E+06  1.4366E+06  1.2740E+06  1.1847E+06
  1.0392E+06  9.8415E+05  8.4368E+05  7.7752E+05  7.1117E+05  6.3294E+05
  6.0656E+05  5.4467E+05  4.5332E+05  4.1685E+05  3.8879E+05  3.5006E+05
  3.3128E+05  2.5950E+05  2.4853E+05  2.0662E+05  2.1101E+05  1.9237E+05
  1.8763E+05  1.5654E+05  1.3584E+05  1.1474E+05  1.1445E+05  1.1092E+05
  7.7074E+04  7.9079E+04  7.2726E+04  5.6141E+04  5.0441E+04  5.0788E+04
  4.8952E+04  4.4532E+04  2.9003E+04  3.5316E+04  3.6266E+04  2.2442E+04
  2.3164E+04  2.7755E+04  2.2517E+04  1.7463E+04  1.1085E+04  7.5365E+03
  1.5615E+04  1.6870E+04  1.4400E+04  7.6804E+03  4.6193E+03  6.6359E+03
  5.5349E+03  8.3157E+03  7.9795E+03  2.7171E+03  4.6642E+03  4.0956E+03
  2.8402E+03  3.1514E+03  1.6073E+03  3.4608E+03  1.4474E+03  2.0334E+03
  2.2479E+03  7.1011E+02  2.3665E+03  1.8402E+03  4.5747E+02  6.6799E+02
  3.8712E+02  7.0705E+02  4.7994E+02  5.1016E-01  5.8647E+02  0.0000E+00
  6.7150E+02
 1.000
flux                                                                                                
