0
0
0
0
0
0
0
0
0
0
0
0
0
0
0
0
0
0
0
0
0
0
0
0
0
0
0
0
0
0
0
0
0
0
0
0
0
0
0
0
0
0
0
0
0
0
0
0
0
0
0
0
0
0
0
0
0
0
0
0
0
0
0
0
0
0
0
0
0
0
0
0
0
0
0
0
0
0
0
0
298060000
723910000
733380000
743090000
2136700000
3129800000
1264100000
639310000
60755000
30446000
21633000
18685000
15579000
15817000
15557000
13784000
12367000
11450000
10447000
10622000
10742000
10310000
10493000
10576000
10464000
10659000
10251000
9970900
10168000
22430000
20564000
19520000
18852000
18621000
18803000
19212000
19312000
18698000
16903000
16879000
17133000
16529000
16401000
16155000
16995000
17381000
16948000
16652000
16526000
16376000
16283000
16050000
15988000
15512000
15916000
15694000
15805000
15977000
15868000
15489000
15761000
15463000
15340000
15227000
15058000
15031000
14791000
14435000
14673000
14417000
14095000
14044000
13948000
13512000
13097000
12946000
12726000
12614000
12580000
11950000
11605000
11272000
10946000
10604000
10435000
10073000
9761700
9517800
9061800
8730000
8471900
7920800
7853900
7536600
7209800
7158100
6620800
6373000
6288400
6089600
5860400
5724900
5601100
4996300
4996400
4735800
4574900
4423200
4394900
4015800
3696700
3593700
3454100
3302400
3380900
3306500
2994100
2771900
2325200
2409100
2340600
2527900
2574000
2451400
2174300
1959800
1948500
1853700
1853700
1655400
1505400
1505400
1636000
1670100
1623000
1623000
1439500
1336800
1234200
1234200
1234200
1179800
1147300
1032000
1031700
1021700
996290
996280
886280
802950
802950
802950
977400
1018500
948980
948980
882880
818510
797640
784680
783550
730700
693290
693190
683160
657780
657780
657780
657780
657780
574730
560580
560570
560580
560570
556580
551230
540740
510030
510020
510020
474040
473930
473930
473930
473930
434150
403940
403930
403930
403940
401630
387420
387420
387420
387420
387420
389880
390880
390880
387140
382640
360020
302480
306210
336140
336140
319550
331730
321730
318020
309310
303420
290740
273570
273570
273570
273570
273570
234730
234580
234580
234580
234590
221670
211830
211840
211830
211840
209130
192340
192330
192340
192340
192330
178400
172710
172710
172710
172710
169860
162590
162590
162590
162590
162590
163420
163560
163560
163560
163560
151750
135700
135700
135700
135700
135700
135540
135540
135540
135540
135540
131840
129020
129020
129020
129020
126990
114350
114350
114350
114350
114350
105230
101500
101490
101500
101490
95928
81656
81657
81656
81656
81656
92951
94913
94913
94913
94913
86281
74521
74521
74521
74521
74521
61552
61482
61482
61482
61482
56493
52666
52666
52666
52666
54200
63842
63842
63842
63841
63841
57042
54245
54245
54245
54245
53570
51834
51834
51834
51834
51834
48436
47843
47842
47842
47843
45208
41608
41608
41608
41608
41608
37355
37329
37329
37329
37329
38387
39202
39202
39201
39202
39728
43059
43059
43059
43059
43059
29553
23978
23978
23978
23978
25107
28026
28026
28026
28026
28025
22712
21778
21778
21778
21778
22753
24090
24090
24090
24090
24090
18954
18918
18918
18918
18918
17435
16289
16289
16289
16289
16196
15601
15601
15601
15601
15601
14146
13543
13543
13543
13543
13819
14535
14535
14535
14535
14535
14109
14033
14033
14033
14033
14033
14033
14033
14033
14033
14033
14033
14033
14033
14033
14033
14033
14033
14033
14033
14033
14033
14033
14033
14033
14034
14033
14033
14034
14033
14033
11922
11922
11922
11922
11922
11922
11922
11922
11922
11922
11922
11922
11922
11922
11922
11922
11922
11922
11922
11922
11922
11922
11922
11922
11922
11922
11922
11922
11922
11922
11922
11922
11922
11922
11922
11922
11922
11922
11922
11922
11922
11922
11922
11922
11923
11922
11922
11923
11922
11922
0
0
0
0
0
0
0
0
0
0
0
0
0
0
0
0
0
0
0
0
0
0
0
0
0
0
0
0
0
0
0
0
0
0
0
0
0
0
0
0
0
0
0
0
0
0
0
0
0
0
0
0
0
0
0
0
0
0
0
0
0
0
0
0
0
0
0
0
0
0
0
0
0
0
0
0
0
0
0
0
0
0
0
0
0
0
0
0
0
0
0
0
0
0
0
0
0
0
0
0
0
0
0
0
0
0
0
0
0
0
0
0
0
0
0
0
0
0
0
0
0
0
0
0
0
0
0
0
0
0
0
0
0
0
0
0
0
0
0
0
0
0
0
0
0
0
0
0
0
0
1
