  0.0000E+00  0.0000E+00  0.0000E+00  0.0000E+00  0.0000E+00  0.0000E+00
  0.0000E+00  0.0000E+00  0.0000E+00  0.0000E+00  0.0000E+00  0.0000E+00
  0.0000E+00  0.0000E+00  0.0000E+00  0.0000E+00  0.0000E+00  0.0000E+00
  0.0000E+00  0.0000E+00  0.0000E+00  0.0000E+00  0.0000E+00  0.0000E+00
  0.0000E+00  0.0000E+00  0.0000E+00  0.0000E+00  0.0000E+00  0.0000E+00
  0.0000E+00  0.0000E+00  0.0000E+00  0.0000E+00  0.0000E+00  0.0000E+00
  0.0000E+00  0.0000E+00  0.0000E+00  0.0000E+00  0.0000E+00  0.0000E+00
  0.0000E+00  0.0000E+00  0.0000E+00  0.0000E+00  0.0000E+00  0.0000E+00
  0.0000E+00  0.0000E+00  0.0000E+00  0.0000E+00  0.0000E+00  0.0000E+00
  0.0000E+00  0.0000E+00  0.0000E+00  0.0000E+00  0.0000E+00  0.0000E+00
  0.0000E+00  0.0000E+00  0.0000E+00  0.0000E+00  0.0000E+00  0.0000E+00
  0.0000E+00  0.0000E+00  0.0000E+00  0.0000E+00  0.0000E+00  0.0000E+00
  0.0000E+00  0.0000E+00  0.0000E+00  0.0000E+00  0.0000E+00  0.0000E+00
  0.0000E+00  0.0000E+00  0.0000E+00  0.0000E+00  8.6187E+03  1.8475E+06
  1.4350E+07  7.3711E+07  2.2414E+08  4.5804E+08  6.3807E+08  6.0814E+08
  4.3348E+08  2.9641E+08  2.2280E+08  1.8576E+08  1.5986E+08  1.4110E+08
  1.2743E+08  1.1146E+08  9.6554E+07  8.3211E+07  7.5893E+07  7.0033E+07
  6.6826E+07  6.4722E+07  6.1244E+07  5.9282E+07  5.6798E+07  5.5992E+07
  5.5885E+07  1.2037E+08  1.1925E+08  1.2045E+08  1.1469E+08  1.0746E+08
  1.0644E+08  1.0098E+08  1.0155E+08  9.6623E+07  9.9484E+07  1.0327E+08
  1.0416E+08  1.0601E+08  1.0763E+08  1.1718E+08  1.2571E+08  1.3160E+08
  1.4137E+08  1.4867E+08  1.4936E+08  1.5597E+08  1.7268E+08  2.0653E+08
  2.3637E+08  2.5686E+08  2.5655E+08  3.0159E+08  3.0660E+08  3.4255E+08
  3.4236E+08  3.8888E+08  4.8937E+08  5.3434E+08  5.7028E+08  5.9169E+08
  6.3429E+08  7.5627E+08  9.7056E+08  1.1431E+09  1.0968E+09  1.0613E+09
  1.2471E+09  1.4641E+09  1.6749E+09  1.8697E+09  2.1235E+09  3.4685E+09
  3.3850E+09  3.0284E+09  3.5263E+09  3.9544E+09  6.2608E+09  5.6997E+09
  6.6491E+09  7.0748E+09  6.1763E+09  6.7396E+09  1.3587E+10  1.0941E+10
  2.0213E+10  1.9480E+10  2.0987E+10  2.1364E+10  1.6528E+10  1.4905E+10
  1.6651E+10  1.6937E+10  1.4942E+10  1.3639E+10  1.1911E+10  1.1127E+10
  2.7158E+10  3.7731E+10  2.8518E+10  1.6066E+10  6.4837E+10  4.3194E+10
  2.2496E+10  5.8757E+10  3.3688E+10  2.8026E+10  2.6293E+10  2.6470E+10
  2.9672E+10  2.1653E+10  1.4546E+10  2.9185E+10  3.3291E+10  2.9869E+10
  2.8074E+10  2.5584E+10  1.5356E+10  1.4775E+10  6.9057E+10  4.6742E+10
  3.7676E+10  3.5069E+10  2.5115E+10  2.2727E+10  1.7859E+10  1.2481E+10
  1.9427E+10  1.8049E+10  9.3465E+09  5.8407E+10  2.7645E+10  1.8161E+10
  3.2437E+10  2.6541E+10  1.9579E+10  2.7095E+10  2.5822E+10  2.1531E+10
  1.5439E+10  1.0229E+10  1.8447E+10  2.2106E+10  2.0356E+10  1.7066E+10
  1.5988E+10  1.4726E+10  1.2519E+10  1.1198E+10  1.0830E+10  8.8962E+09
  6.8466E+09  3.8534E+09  1.7580E+09  6.6255E+09  3.6643E+10  7.5603E+10
  5.1569E+10  4.7636E+10  3.5710E+10  3.2438E+10  3.0536E+10  2.6849E+10
  2.1978E+10  1.8360E+10  1.3488E+10  9.7689E+09  1.4933E+10  2.0763E+10
  1.8206E+10  1.5823E+10  1.5559E+10  1.7740E+10  1.8948E+10  1.8627E+10
  1.7315E+10  1.5516E+10  1.2412E+10  9.0619E+09  7.9528E+09  6.2390E+09
  5.9040E+09  6.9908E+09  8.4077E+09  1.0101E+10  9.8432E+09  1.0023E+10
  1.0530E+10  8.8353E+09  1.0956E+10  1.1648E+10  1.1456E+10  1.0949E+10
  1.0357E+10  1.0110E+10  9.9246E+09  1.0222E+10  1.2141E+10  1.2960E+10
  1.3657E+10  1.3512E+10  1.3798E+10  1.3173E+10  1.2299E+10  1.0845E+10
  8.8347E+09  7.0514E+09  6.6174E+09  8.2287E+09  1.0400E+10  1.2050E+10
  1.3480E+10  1.4220E+10  1.4552E+10  1.4472E+10  1.3901E+10  1.3616E+10
  1.3809E+10  1.3515E+10  1.3369E+10  1.3178E+10  1.2991E+10  1.1657E+10
  8.3181E+09  7.1776E+09  1.0096E+10  1.0476E+10  1.0480E+10  1.0344E+10
  1.0263E+10  1.0114E+10  1.0019E+10  9.9174E+09  9.7800E+09  9.4355E+09
  9.5441E+09  9.3944E+09  9.1325E+09  8.9854E+09  8.9197E+09  8.7641E+09
  8.5751E+09  8.0338E+09  8.2601E+09  7.7659E+09  7.2699E+09  6.3786E+09
  4.8127E+09  2.7530E+09  1.2817E+09  2.3969E+09  4.6543E+09  6.2780E+09
  7.1247E+09  7.5854E+09  7.7923E+09  7.8595E+09  7.9745E+09  7.9569E+09
  7.8912E+09  7.8242E+09  7.7806E+09  7.7358E+09  7.7107E+09  7.6701E+09
  7.4985E+09  7.4403E+09  7.3082E+09  7.0936E+09  5.6941E+09  5.6234E+09
  6.5763E+09  6.7688E+09  6.7262E+09  6.7084E+09  6.7023E+09  6.6288E+09
  6.6107E+09  6.5914E+09  6.6210E+09  6.5348E+09  6.5593E+09  6.4499E+09
  6.2482E+09  6.2564E+09  6.2739E+09  6.2509E+09  6.2164E+09  6.2152E+09
  6.1894E+09  6.0984E+09  6.0269E+09  5.6894E+09  3.6545E+09  4.6195E+09
  4.6387E+09  4.5842E+09  4.6204E+09  4.7063E+09  4.6661E+09  4.6924E+09
  4.6791E+09  4.7376E+09  4.6980E+09  4.6300E+09  4.6310E+09  4.6234E+09
  4.5715E+09  4.5411E+09  4.4529E+09  4.4209E+09  4.2793E+09  4.1565E+09
  4.1199E+09  4.0615E+09  4.0008E+09  3.9155E+09  3.9015E+09  3.8295E+09
  3.8433E+09  3.7630E+09  3.7050E+09  3.6141E+09  3.6421E+09  3.5716E+09
  3.5287E+09  3.6523E+09  3.3859E+09  3.3962E+09  3.3608E+09  3.3023E+09
  3.2986E+09  3.2363E+09  3.1963E+09  3.1451E+09  3.1226E+09  3.0692E+09
  3.0440E+09  3.0099E+09  2.9456E+09  2.9444E+09  2.8812E+09  2.8491E+09
  2.7868E+09  2.6480E+09  2.5806E+09  2.5277E+09  2.4793E+09  2.4464E+09
  2.4046E+09  2.3581E+09  2.3382E+09  2.2963E+09  2.2947E+09  2.2270E+09
  2.2068E+09  2.1953E+09  2.1634E+09  2.1196E+09  2.0642E+09  2.0600E+09
  2.0414E+09  1.9978E+09  2.0123E+09  1.9574E+09  1.8916E+09  1.8691E+09
  1.8605E+09  1.8353E+09  1.7789E+09  1.7541E+09  1.7177E+09  1.7033E+09
  1.6839E+09  1.6541E+09  1.6372E+09  1.5990E+09  1.5562E+09  1.5364E+09
  1.5184E+09  1.4841E+09  1.4787E+09  1.4387E+09  1.4073E+09  1.3945E+09
  1.3661E+09  1.3420E+09  1.3126E+09  1.2945E+09  1.2749E+09  1.2412E+09
  1.2168E+09  1.1717E+09  1.1543E+09  1.1331E+09  1.1215E+09  1.0944E+09
  1.0408E+09  1.0389E+09  1.0298E+09  1.0039E+09  9.7569E+08  9.5871E+08
  9.3217E+08  9.2043E+08  8.8253E+08  8.8007E+08  8.7727E+08  8.5087E+08
  8.5710E+08  8.3877E+08  8.2376E+08  8.3249E+08  8.2449E+08  8.1500E+08
  8.0003E+08  7.8771E+08  8.0139E+08  7.8442E+08  7.8209E+08  7.8124E+08
  7.8845E+08  7.9016E+08  7.9252E+08  7.9589E+08  7.8087E+08  7.6624E+08
  7.8743E+08  7.6551E+08  7.7447E+08  7.5035E+08  7.4075E+08  7.2470E+08
  7.1679E+08  6.9053E+08  6.6713E+08  6.7179E+08  6.2002E+08  6.2166E+08
  5.8382E+08  5.6500E+08  5.4497E+08  5.2419E+08  4.9967E+08  4.6818E+08
  4.6828E+08  4.2724E+08  4.1071E+08  3.9131E+08  3.6897E+08  3.5805E+08
  3.2817E+08  3.0909E+08  2.8415E+08  2.6224E+08  2.4167E+08  2.2414E+08
  2.1002E+08  1.9811E+08  1.7819E+08  1.6641E+08  1.5634E+08  1.4592E+08
  1.3610E+08  1.1636E+08  1.1598E+08  9.7011E+07  9.0304E+07  8.2156E+07
  7.6172E+07  6.8853E+07  6.6738E+07  5.9190E+07  5.4525E+07  5.4409E+07
  4.4583E+07  3.9427E+07  3.7738E+07  3.3822E+07  3.0703E+07  2.6277E+07
  2.7173E+07  2.1072E+07  1.9947E+07  1.8117E+07  1.5759E+07  1.4223E+07
  1.2381E+07  1.2494E+07  1.1579E+07  1.1140E+07  7.4897E+06  7.3448E+06
  7.3617E+06  5.6509E+06  5.4878E+06  5.1927E+06  4.3908E+06  5.0710E+06
  3.7178E+06  3.3602E+06  4.2020E+06  2.5987E+06  3.1443E+06  2.1263E+06
  2.7480E+06  2.4459E+06  2.1849E+06  1.2115E+06  1.0143E+06  8.3017E+05
  1.1858E+06  1.1959E+06  1.0607E+06  6.9243E+05  1.2358E+06  8.8786E+05
  2.9081E+05  7.8767E+05  5.3270E+05  5.7378E+05  5.4596E+05  6.1328E+05
  3.5926E+05  3.4817E+05  1.3920E+05  9.4727E+04  1.3683E+05  1.8933E+05
  9.8005E+04  4.4937E+04  1.2756E+05  1.4303E+05  8.6510E+03  2.7031E-01
  3.0443E+04  1.2321E+05  2.2502E+04  1.3086E+05  1.1383E+05  4.2123E+04
  1.9459E+04  5.3312E+04  2.1459E+04  1.3918E+04  1.0187E+04  6.0394E+03
  2.0145E+04  1.4958E+00  7.6930E+03  3.4056E+03  0.0000E+00  0.0000E+00
  8.8399E+04  2.0260E+01  0.0000E+00  0.0000E+00  1.6530E+03  3.9548E-02
  1.0486E+02  0.0000E+00  0.0000E+00  0.0000E+00  2.5102E+04  3.3470E-01
  0.0000E+00  6.8156E-01  1.2182E+03  1.2770E+01  4.7962E+04  0.0000E+00
  0.0000E+00  0.0000E+00  0.0000E+00  0.0000E+00  0.0000E+00  0.0000E+00
  0.0000E+00  0.0000E+00  0.0000E+00  0.0000E+00  0.0000E+00  0.0000E+00
  0.0000E+00  0.0000E+00  0.0000E+00  0.0000E+00  0.0000E+00  0.0000E+00
  0.0000E+00  0.0000E+00  0.0000E+00  2.4692E-01  2.9004E+03  0.0000E+00
  0.0000E+00  0.0000E+00  0.0000E+00  0.0000E+00  0.0000E+00  0.0000E+00
  0.0000E+00  0.0000E+00  0.0000E+00  0.0000E+00  0.0000E+00  0.0000E+00
  1.7184E+02  0.0000E+00  0.0000E+00  0.0000E+00  0.0000E+00  0.0000E+00
  0.0000E+00  0.0000E+00  0.0000E+00  0.0000E+00  0.0000E+00  0.0000E+00
  0.0000E+00  0.0000E+00  0.0000E+00  0.0000E+00  0.0000E+00  0.0000E+00
  0.0000E+00
 1.000
Vacuum Vessel                                    
