  0.0000E+00  0.0000E+00  0.0000E+00  0.0000E+00  0.0000E+00  0.0000E+00
  0.0000E+00  0.0000E+00  0.0000E+00  0.0000E+00  0.0000E+00  0.0000E+00
  0.0000E+00  0.0000E+00  0.0000E+00  0.0000E+00  0.0000E+00  0.0000E+00
  0.0000E+00  0.0000E+00  0.0000E+00  0.0000E+00  0.0000E+00  0.0000E+00
  0.0000E+00  0.0000E+00  0.0000E+00  0.0000E+00  0.0000E+00  0.0000E+00
  0.0000E+00  0.0000E+00  0.0000E+00  0.0000E+00  0.0000E+00  0.0000E+00
  0.0000E+00  0.0000E+00  0.0000E+00  0.0000E+00  0.0000E+00  0.0000E+00
  0.0000E+00  0.0000E+00  0.0000E+00  0.0000E+00  0.0000E+00  0.0000E+00
  0.0000E+00  0.0000E+00  0.0000E+00  0.0000E+00  0.0000E+00  0.0000E+00
  0.0000E+00  0.0000E+00  0.0000E+00  0.0000E+00  0.0000E+00  0.0000E+00
  0.0000E+00  0.0000E+00  0.0000E+00  0.0000E+00  0.0000E+00  0.0000E+00
  0.0000E+00  0.0000E+00  0.0000E+00  0.0000E+00  0.0000E+00  0.0000E+00
  0.0000E+00  0.0000E+00  0.0000E+00  0.0000E+00  0.0000E+00  0.0000E+00
  0.0000E+00  0.0000E+00  0.0000E+00  0.0000E+00  0.0000E+00  0.0000E+00
  5.5450E+12  9.4840E+12  9.6187E+12  9.7545E+12  9.8926E+12  1.0035E+13
  1.0182E+13  5.5061E+12  5.8786E+11  5.9684E+11  6.0535E+11  6.1195E+11
  6.2174E+11  6.0066E+11  1.9283E+11  1.9607E+11  1.9941E+11  2.0275E+11
  2.0634E+11  2.1496E+11  2.3309E+11  2.3745E+11  2.4198E+11  2.4668E+11
  2.5156E+11  6.9502E+11  6.9506E+11  6.8497E+11  6.8289E+11  6.3453E+11
  6.0928E+11  6.3189E+11  6.5586E+11  6.5303E+11  6.4683E+11  6.4216E+11
  6.1410E+11  6.1408E+11  6.3694E+11  6.3763E+11  6.8854E+11  7.0131E+11
  7.6240E+11  7.9854E+11  8.5400E+11  9.1996E+11  9.5578E+11  1.0456E+12
  1.0683E+12  1.2457E+12  1.2458E+12  1.4346E+12  1.4462E+12  1.6303E+12
  1.6851E+12  1.9056E+12  2.0531E+12  2.0677E+12  2.0873E+12  2.1463E+12
  2.3172E+12  2.3432E+12  2.6218E+12  2.6219E+12  2.6506E+12  2.6533E+12
  2.9317E+12  3.0286E+12  2.9730E+12  2.9311E+12  3.1828E+12  3.5621E+12
  3.4223E+12  2.9472E+12  2.9670E+12  3.2981E+12  3.2982E+12  3.3481E+12
  3.3546E+12  3.3027E+12  3.2818E+12  3.6201E+12  3.9064E+12  3.9370E+12
  3.9888E+12  3.8736E+12  3.4092E+12  3.3969E+12  2.9662E+12  2.9661E+12
  2.7091E+12  2.6658E+12  2.2189E+12  2.0127E+12  2.3086E+12  2.5898E+12
  2.6154E+12  2.6647E+12  2.6563E+12  2.6155E+12  2.6155E+12  1.8219E+12
  1.8204E+12  2.0268E+12  2.0699E+12  1.9079E+12  1.8226E+12  1.7824E+12
  1.7396E+12  1.6494E+12  1.4511E+12  1.4866E+12  1.7035E+12  1.7035E+12
  1.5398E+12  1.5346E+12  1.4179E+12  1.3883E+12  1.5777E+12  1.6907E+12
  1.5638E+12  1.4118E+12  1.3357E+12  1.1437E+12  1.1437E+12  1.1437E+12
  1.1436E+12  1.1436E+12  1.2722E+12  1.2941E+12  1.2941E+12  1.2941E+12
  1.2941E+12  1.1507E+12  9.5796E+11  9.5795E+11  9.5796E+11  9.5794E+11
  9.5793E+11  9.9324E+11  9.9331E+11  9.9332E+11  9.9331E+11  9.9331E+11
  8.7509E+11  7.8554E+11  7.8554E+11  7.8554E+11  7.8552E+11  8.3284E+11
  1.1228E+12  1.1228E+12  1.1228E+12  1.1228E+12  1.1228E+12  9.5270E+11
  8.8365E+11  8.8364E+11  8.8367E+11  8.8367E+11  8.5688E+11  7.8900E+11
  7.8900E+11  7.8900E+11  7.8901E+11  7.8900E+11  7.7671E+11  7.7463E+11
  7.7462E+11  7.7464E+11  7.7463E+11  7.4570E+11  7.0670E+11  7.0668E+11
  7.0670E+11  7.0669E+11  7.0669E+11  6.1469E+11  6.1440E+11  6.1440E+11
  6.1440E+11  6.1440E+11  6.8245E+11  7.3416E+11  7.3416E+11  7.3415E+11
  7.3416E+11  7.3306E+11  7.2629E+11  7.2629E+11  7.2629E+11  7.2629E+11
  7.2629E+11  7.2883E+11  7.2987E+11  7.2987E+11  7.2987E+11  7.2987E+11
  7.2246E+11  7.0361E+11  7.0362E+11  7.0364E+11  7.0364E+11  7.0363E+11
  6.8049E+11  6.7653E+11  6.7653E+11  6.7651E+11  6.7650E+11  6.6629E+11
  6.5245E+11  6.5246E+11  6.5246E+11  6.5246E+11  6.5246E+11  6.4300E+11
  6.4296E+11  6.4297E+11  6.4296E+11  6.4297E+11  5.9719E+11  5.6230E+11
  5.6231E+11  5.6230E+11  5.6231E+11  5.6614E+11  5.8990E+11  5.8990E+11
  5.8990E+11  5.8990E+11  5.8990E+11  5.8925E+11  5.8899E+11  5.8899E+11
  5.8899E+11  5.8898E+11  5.8615E+11  5.7892E+11  5.7892E+11  5.7892E+11
  5.7892E+11  5.7892E+11  5.6942E+11  5.6778E+11  5.6778E+11  5.6778E+11
  5.6778E+11  5.6462E+11  5.6034E+11  5.6033E+11  5.6034E+11  5.6033E+11
  5.6033E+11  5.4885E+11  5.4879E+11  5.4879E+11  5.4879E+11  5.4879E+11
  5.4163E+11  5.3615E+11  5.3615E+11  5.3615E+11  5.3615E+11  5.3275E+11
  5.1149E+11  5.1149E+11  5.1148E+11  5.1149E+11  5.1148E+11  5.1077E+11
  5.1048E+11  5.1047E+11  5.1048E+11  5.1047E+11  5.0618E+11  4.9516E+11
  4.9516E+11  4.9516E+11  4.9516E+11  4.9516E+11  4.8172E+11  4.7938E+11
  4.7938E+11  4.7938E+11  4.7938E+11  4.7290E+11  4.6407E+11  4.6407E+11
  4.6407E+11  4.6408E+11  4.6407E+11  4.2805E+11  4.2786E+11  4.2785E+11
  4.2785E+11  4.2786E+11  4.2536E+11  4.2346E+11  4.2346E+11  4.2345E+11
  4.2346E+11  4.2158E+11  4.0977E+11  4.0977E+11  4.0977E+11  4.0977E+11
  4.0977E+11  3.9832E+11  3.9362E+11  3.9362E+11  3.9361E+11  3.9362E+11
  3.8887E+11  3.7666E+11  3.7666E+11  3.7666E+11  3.7666E+11  3.7667E+11
  3.6127E+11  3.5859E+11  3.5859E+11  3.5858E+11  3.5859E+11  3.5146E+11
  3.4173E+11  3.4173E+11  3.4173E+11  3.4173E+11  3.4173E+11  3.2466E+11
  3.2455E+11  3.2455E+11  3.2455E+11  3.2455E+11  3.1484E+11  3.0737E+11
  3.0737E+11  3.0737E+11  3.0737E+11  3.0505E+11  2.9034E+11  2.9035E+11
  2.9035E+11  2.9034E+11  2.9034E+11  2.7844E+11  2.7353E+11  2.7353E+11
  2.7353E+11  2.7353E+11  2.6892E+11  2.5702E+11  2.5703E+11  2.5703E+11
  2.5703E+11  2.5702E+11  2.4328E+11  2.4087E+11  2.4087E+11  2.4087E+11
  2.4087E+11  2.3420E+11  2.2506E+11  2.2506E+11  2.2507E+11  2.2506E+11
  2.2506E+11  2.0957E+11  2.0946E+11  2.0946E+11  2.0946E+11  2.0946E+11
  2.0097E+11  1.9441E+11  1.9442E+11  1.9441E+11  1.9441E+11  1.9244E+11
  1.7990E+11  1.7990E+11  1.7990E+11  1.7990E+11  1.7990E+11  1.6995E+11
  1.6583E+11  1.6583E+11  1.6583E+11  1.6583E+11  1.6200E+11  1.5205E+11
  1.5205E+11  1.5205E+11  1.5205E+11  1.5205E+11  4.8981E+10  3.0750E+10
  3.0750E+10  3.0750E+10  3.0750E+10  3.0750E+10  3.0750E+10  3.0750E+10
  3.0750E+10  3.0750E+10  3.0750E+10  3.0749E+10  3.0750E+10  3.0750E+10
  3.0750E+10  3.0750E+10  3.0749E+10  3.0750E+10  3.0750E+10  3.0750E+10
  3.0750E+10  3.0750E+10  3.0749E+10  3.0750E+10  3.0749E+10  3.0750E+10
  3.0750E+10  3.0749E+10  3.0750E+10  3.0749E+10  3.0750E+10  3.0748E+10
  3.0748E+10  3.0748E+10  3.0748E+10  3.0748E+10  3.0748E+10  3.0748E+10
  3.0748E+10  3.0748E+10  3.0748E+10  3.0748E+10  3.0748E+10  3.0748E+10
  3.0748E+10  3.0748E+10  3.0748E+10  3.0748E+10  3.0748E+10  3.0748E+10
  3.0748E+10  3.0748E+10  3.0748E+10  3.0748E+10  3.0748E+10  3.0748E+10
  3.0748E+10  3.0748E+10  3.0748E+10  3.0748E+10  3.0748E+10  3.0748E+10
  3.0748E+10  3.0748E+10  3.0748E+10  3.0748E+10  3.0748E+10  3.0748E+10
  3.0748E+10  3.0748E+10  3.0748E+10  3.0748E+10  3.0748E+10  3.0748E+10
  3.0748E+10  3.0748E+10  3.0748E+10  3.0747E+10  3.0748E+10  3.0748E+10
  3.0748E+10  3.0748E+10  3.0748E+10  3.0748E+10  3.0748E+10  3.0748E+10
  3.0748E+10  3.0748E+10  3.0748E+10  3.0748E+10  3.0748E+10  3.0748E+10
  3.0748E+10  3.0748E+10  3.0748E+10  3.0748E+10  3.0748E+10  3.0748E+10
  3.0748E+10  3.0748E+10  3.0748E+10  3.0748E+10  3.0748E+10  3.0748E+10
  3.0748E+10  3.0748E+10  3.0748E+10  3.0748E+10  3.0748E+10  3.0748E+10
  3.0748E+10  3.0748E+10  3.0748E+10  3.0748E+10  3.0748E+10  3.0748E+10
  3.0748E+10  3.0748E+10  3.0748E+10  3.0748E+10  3.0748E+10  3.0748E+10
  3.0748E+10  3.0748E+10  3.0748E+10  3.0748E+10  3.0748E+10  3.0747E+10
  3.0748E+10  3.0748E+10  3.0748E+10  3.0748E+10  3.0748E+10  3.0748E+10
  3.0748E+10  3.0748E+10  3.0748E+10  3.0748E+10  3.0748E+10  3.0748E+10
  3.0748E+10  3.0748E+10  3.0748E+10  3.0748E+10  3.0748E+10  3.0748E+10
  3.0748E+10  3.0748E+10  3.0748E+10  3.0748E+10  3.0748E+10  3.0748E+10
  3.0748E+10  3.0748E+10  3.0748E+10  3.0748E+10  3.0748E+10  3.0748E+10
  3.0748E+10  3.0748E+10  3.0748E+10  3.0748E+10  3.0748E+10  3.0748E+10
  3.0748E+10  3.0748E+10  3.0748E+10  3.0748E+10  3.0748E+10  3.0748E+10
  3.0748E+10  3.0748E+10  3.0748E+10  3.0748E+10  3.0748E+10  3.0748E+10
  3.0748E+10  3.0748E+10  3.0748E+10  3.0748E+10  3.0748E+10  3.0748E+10
  3.0748E+10  3.0748E+10  3.0748E+10  3.0748E+10  3.0748E+10  3.0748E+10
  3.0748E+10  3.0748E+10  3.0748E+10  3.0748E+10  3.0748E+10  3.0748E+10
  3.0748E+10  3.0748E+10  3.0748E+10  3.0748E+10  3.0748E+10  3.0748E+10
  3.0748E+10  3.0748E+10  3.0748E+10  3.0748E+10  3.0748E+10  3.0748E+10
  3.0748E+10  3.0748E+10  3.0748E+10  3.0748E+10  3.0748E+10  3.0748E+10
  3.0748E+10  3.0748E+10  3.0748E+10  3.0748E+10  3.0748E+10  3.0748E+10
  3.0748E+10  3.0748E+10  3.0748E+10  3.0748E+10  3.0748E+10  3.0748E+10
  3.0748E+10  3.0748E+10  3.0748E+10  3.0747E+10  3.0748E+10  3.0748E+10
  3.0748E+10
 1.000
EEF FW NORM. 1MW M2 VIT-J TOT=4.277E+14                                                             
